0 1 0.003799999999999999
0 2 0.00019999999999999996
0 3 9.259259259259259e-05
0 4 0.008799999999999997
0 5 0.0027999999999999995
0 7 0.023999999999999994
0 8 0.11666666666666665
0 13 0.003799999999999999
0 16 0.00019999999999999996
0 17 0.04783333333333333
0 18 0.03899999999999999
0 19 0.07033333333333334
1 2 0.0034
1 3 0.07257142857142858
1 4 0.018714285714285715
1 5 0.058153846153846146
1 6 0.06525
1 7 0.006999999999999999
1 8 0.13233333333333333
1 9 0.15683333333333332
1 10 0.07228571428571429
1 11 0.045619047619047615
1 12 0.061809523809523814
1 13 0.03957142857142857
1 14 0.07604761904761904
1 15 0.005527272727272727
1 16 0.023000000000000003
1 17 0.225
1 18 0.0002380952380952381
1 19 0.018
1 20 0.0048333333333333344
1 21 0.0025714285714285713
2 3 0.011899999999999997
2 4 0.013863636363636363
2 5 0.000923076923076923
2 7 0.108
2 13 9.999999999999998e-05
2 15 0.0013999999999999998
2 16 0.0003333333333333333
2 17 0.12316666666666666
2 19 0.03142857142857144
3 4 0.0003518518518518518
3 5 0.026076923076923074
3 6 0.00125
3 7 0.08800000000000001
3 8 0.0003333333333333333
3 9 0.028999999999999998
3 10 8.333333333333332e-05
3 11 2.7777777777777776e-05
3 12 0.0020545454545454543
3 13 0.00025
3 14 0.0009166666666666665
3 15 0.04407272727272727
3 16 0.256
3 17 0.0365
3 18 8.333333333333332e-05
3 19 0.134952380952381
3 20 0.28716666666666674
3 21 0.009619047619047619
4 5 0.0013846153846153843
4 7 0.008499999999999999
4 8 0.10866666666666668
4 13 0.015291666666666667
4 15 0.0007954545454545455
4 16 0.0003409090909090909
4 17 0.051333333333333335
4 18 0.0003181818181818182
4 19 0.04085714285714286
5 6 0.00825
5 7 0.1105
5 8 0.04833333333333333
5 9 0.12183333333333334
5 10 0.007384615384615384
5 11 0.10915384615384614
5 12 0.06199999999999999
5 13 0.010076923076923075
5 14 0.001692307692307692
5 15 0.03215384615384615
5 16 0.0023333333333333335
5 17 0.01723076923076923
5 18 0.0026153846153846153
5 19 0.03092307692307692
5 20 0.012333333333333335
6 7 0.009
6 12 0.00075
6 15 0.244
6 16 0.0003333333333333333
6 17 0.008333333333333333
6 19 0.00425
6 21 0.00375
7 8 0.0016666666666666668
7 9 0.004
7 10 2.4999999999999994e-05
7 12 0.00010909090909090908
7 13 0.0021666666666666666
7 15 0.07916666666666666
7 16 0.09683333333333333
7 17 0.019666666666666666
7 18 0.0003333333333333333
7 19 0.42616666666666664
7 20 0.0048333333333333344
7 21 0.005
8 9 0.00016666666666666666
8 10 0.0003333333333333333
8 12 0.105
8 13 0.08800000000000001
8 14 0.004
8 15 0.0003333333333333333
8 17 0.08966666666666667
8 18 0.03166666666666667
8 19 0.009333333333333336
8 20 0.0003333333333333333
9 10 0.056
9 11 0.11183333333333334
9 12 0.22533333333333336
9 13 0.0009583333333333333
9 14 0.002
9 15 0.008166666666666668
9 17 0.0375
9 19 0.00016666666666666666
10 12 0.027
10 14 4.999999999999999e-05
10 15 0.00016363636363636363
10 16 0.0013333333333333333
10 17 2.4999999999999994e-05
10 19 4.761904761904763e-05
10 20 0.003166666666666667
11 12 0.0006545454545454544
12 13 0.00010416666666666667
12 14 0.006290909090909089
12 15 0.010672727272727273
12 16 0.0023333333333333335
12 17 0.00016666666666666666
12 19 0.002345454545454545
12 20 0.054000000000000006
12 21 1.818181818181818e-05
13 14 2.0833333333333333e-05
13 15 0.0006458333333333333
13 17 0.022166666666666668
13 18 0.015729166666666666
13 19 0.02680952380952381
13 20 0.08233333333333334
14 15 0.0005272727272727272
14 16 0.03866666666666667
14 20 0.0005000000000000001
15 16 0.19899999999999998
15 17 0.06283333333333334
15 18 1.8181818181818182e-05
15 19 0.02990909090909091
15 20 0.06450000000000002
15 21 0.0041090909090909095
16 17 0.0023333333333333335
16 19 0.4116666666666667
16 20 0.0061666666666666675
16 21 0.04533333333333334
17 18 0.1115
17 19 0.2333333333333333
17 21 0.0005
18 19 0.0033333333333333344
18 20 0.0001666666666666667
19 20 0.12500000000000003
19 21 0.002619047619047619
20 21 0.036666666666666674
