0 1 0.006142857142857143
0 2 0.022700000000000005
0 3 0.00045370370370370367
0 4 0.0028181818181818186
0 5 0.00019999999999999996
0 7 0.06216666666666667
0 8 0.018333333333333333
0 13 0.0006458333333333334
0 16 0.00019999999999999996
0 17 0.29083333333333333
0 18 0.002999999999999999
0 19 0.06233333333333333
1 2 0.0010476190476190477
1 3 0.053
1 4 0.00719047619047619
1 5 0.021523809523809525
1 6 0.13225
1 7 0.03338095238095238
1 8 0.23933333333333331
1 9 0.07633333333333334
1 10 0.033428571428571426
1 11 0.028714285714285713
1 12 0.03861904761904762
1 13 0.032761904761904756
1 14 0.056666666666666664
1 15 0.007636363636363635
1 16 0.01966666666666667
1 17 0.19983333333333334
1 18 0.00042857142857142855
1 19 0.02561904761904762
1 20 0.0036666666666666666
1 21 0.0015238095238095239
2 3 0.0026000000000000003
2 4 0.022100000000000005
2 5 0.00015384615384615385
2 7 0.0355
2 8 0.0003333333333333333
2 15 0.0019000000000000002
2 16 0.0024000000000000007
2 17 0.005833333333333334
2 19 0.01519047619047619
2 20 0.00016666666666666666
3 4 0.00019444444444444443
3 5 0.014846153846153846
3 6 0.00075
3 7 0.1225
3 8 0.00023148148148148146
3 9 0.0155
3 10 7.407407407407406e-05
3 11 1.8518518518518515e-05
3 12 0.0009818181818181818
3 13 3.703703703703703e-05
3 14 0.00043518518518518515
3 15 0.02445454545454545
3 16 0.23700000000000002
3 17 0.0029999999999999996
3 18 9.259259259259257e-06
3 19 0.06109523809523809
3 20 0.20183333333333334
3 21 0.018523809523809526
4 5 0.0006590909090909092
4 7 0.0031363636363636372
4 8 0.013333333333333334
4 13 0.005187500000000001
4 15 0.000909090909090909
4 16 0.0007045454545454547
4 17 0.0255
4 18 0.001272727272727273
4 19 0.028476190476190474
5 6 0.008
5 7 0.11016666666666668
5 8 0.015333333333333332
5 9 0.1465
5 10 0.0013076923076923079
5 11 0.11138461538461539
5 12 0.005461538461538461
5 13 0.0015416666666666669
5 14 0.00023076923076923076
5 15 0.03207692307692307
5 16 0.0003333333333333334
5 17 0.06584615384615385
5 19 0.045384615384615384
5 20 0.016076923076923075
5 21 7.692307692307693e-05
6 7 0.1255
6 9 0.00025
6 12 0.003
6 15 0.22875
6 16 0.0006666666666666668
6 17 0.00625
6 19 0.002
6 21 0.00025
7 8 0.0016666666666666668
7 9 0.028833333333333332
7 10 7.500000000000001e-05
7 12 0.00019999999999999998
7 13 0.008479166666666668
7 15 0.027
7 16 0.06716666666666667
7 17 0.123
7 19 0.37083333333333335
7 20 0.08233333333333333
7 21 0.0018333333333333333
8 9 0.0029999999999999996
8 10 0.0003333333333333333
8 12 0.04466666666666667
8 13 0.009
8 14 0.0006666666666666666
8 15 0.0001818181818181818
8 17 0.4716666666666667
8 18 0.004333333333333333
8 19 0.012142857142857143
8 20 0.001
9 10 0.018333333333333333
9 11 0.12083333333333333
9 12 0.03133333333333333
9 13 0.0016250000000000001
9 15 0.0005
9 17 0.23366666666666666
9 19 0.00016666666666666666
9 20 0.0005
10 12 0.02349090909090909
10 15 0.0003818181818181818
10 16 0.0003333333333333334
10 17 0.0009249999999999999
10 20 0.0021666666666666666
11 12 0.00012727272727272728
12 14 0.006454545454545454
12 15 0.007436363636363635
12 16 0.001666666666666667
12 17 0.002109090909090909
12 19 0.002509090909090909
12 20 0.05633333333333334
13 15 4.166666666666667e-05
13 16 8.333333333333334e-05
13 17 0.0021666666666666666
13 18 0.012458333333333335
13 19 0.014571428571428572
13 20 0.04516666666666667
14 15 0.0007999999999999998
14 16 0.05933333333333334
14 19 5.555555555555556e-05
14 20 0.0003333333333333333
15 16 0.1366666666666667
15 17 0.0065
15 19 0.03523636363636363
15 20 0.021833333333333333
15 21 0.0037272727272727266
16 17 0.007166666666666666
16 19 0.4793333333333334
16 20 0.04816666666666666
16 21 0.017761904761904763
17 18 0.030666666666666665
17 19 0.1555
17 20 0.0008333333333333334
18 19 0.002
19 20 0.261
19 21 0.016666666666666666
20 21 0.0415
