0 1 0.005952380952380954
0 2 0.0014
0 3 0.0005092592592592592
0 4 0.0019999999999999996
0 5 0.07684615384615384
0 8 0.1408333333333333
0 9 0.16300000000000003
0 14 0.0018958333333333336
0 16 1.818181818181818e-05
0 17 0.018750000000000003
0 18 0.018833333333333334
0 19 0.0053999999999999986
0 20 0.025599999999999994
1 2 0.0823
1 3 0.010714285714285716
1 4 0.014095238095238096
1 5 0.10846153846153844
1 6 0.0004285714285714286
1 7 0.08200000000000002
1 8 0.149
1 9 0.5240000000000001
1 10 0.18000000000000002
1 11 0.00923809523809524
1 13 0.004000000000000001
1 14 0.033523809523809525
1 15 0.005333333333333334
1 16 0.012963636363636361
1 17 0.0036190476190476194
1 18 0.34933333333333333
1 19 9.523809523809525e-05
1 20 0.0560952380952381
1 21 0.0009047619047619048
1 22 0.002952380952380953
2 3 0.0006000000000000001
2 4 0.006568181818181818
2 5 0.0005
2 8 0.0283
2 14 2.0833333333333336e-05
2 16 0.0006181818181818182
2 17 0.0027500000000000003
2 18 0.012
2 20 0.0012000000000000001
3 4 0.00016666666666666666
3 5 0.0007962962962962962
3 6 1.8518518518518518e-05
3 8 0.022166666666666664
3 10 0.0013611111111111111
3 11 1.8518518518518518e-05
3 13 0.0010555555555555557
3 14 0.0002037037037037037
3 15 0.0001388888888888889
3 16 0.0072
3 17 0.4200000000000001
3 18 0.0009074074074074074
3 19 0.0002314814814814815
3 20 0.03306481481481482
3 21 0.09499999999999999
3 22 0.007666666666666667
4 5 0.0005384615384615384
4 8 0.093
4 9 0.011000000000000003
4 14 0.0026250000000000006
4 16 0.0007636363636363636
4 17 0.013000000000000003
4 18 0.005636363636363636
4 19 6.818181818181818e-05
4 20 0.0017272727272727272
4 21 0.00016666666666666666
5 6 0.001875
5 7 0.049
5 8 0.07653846153846153
5 9 0.037333333333333336
5 10 0.09999999999999999
5 11 0.00019999999999999996
5 12 0.0031538461538461533
5 13 0.0005454545454545455
5 14 0.003708333333333334
5 16 0.003745454545454545
5 17 0.00025000000000000006
5 18 0.0028333333333333335
5 19 0.003384615384615384
5 20 0.0009047619047619048
5 21 0.004166666666666667
6 8 0.03533333333333333
6 9 0.001666666666666667
6 11 3.125e-05
6 12 3.125e-05
6 13 0.00390625
6 14 0.0020000000000000005
6 15 0.0003125
6 16 0.0009636363636363635
6 21 0.007666666666666666
7 8 0.047
7 13 0.0003333333333333334
7 16 0.061000000000000006
7 17 0.0005000000000000001
7 18 0.0008333333333333334
7 20 0.0006666666666666668
8 9 0.0014999999999999996
8 10 0.015999999999999997
8 11 0.009999999999999998
8 13 0.009166666666666665
8 14 0.011333333333333332
8 15 0.00033333333333333327
8 16 0.03066666666666666
8 17 0.18175000000000002
8 18 0.024999999999999994
8 20 0.25066666666666665
8 21 0.00016666666666666663
9 10 0.0006666666666666668
9 13 0.09766666666666668
9 14 0.013000000000000001
9 15 0.004666666666666667
9 16 0.0003333333333333334
9 17 0.0003333333333333334
9 18 0.001666666666666667
9 19 0.10433333333333335
9 20 0.04033333333333334
10 11 0.2728333333333333
10 13 0.03783333333333334
10 14 0.0007708333333333334
10 16 0.009836363636363636
10 18 0.021833333333333333
10 21 0.0003333333333333333
11 13 0.04572727272727273
11 16 0.0002727272727272727
11 18 0.0002749999999999999
11 21 0.00016666666666666666
13 15 0.004208333333333333
13 16 0.002418181818181818
13 17 1.8181818181818182e-05
13 18 0.0023454545454545455
13 20 0.0004761904761904763
13 21 0.030666666666666665
14 16 0.0003636363636363636
14 17 0.0027500000000000003
14 18 0.036833333333333336
14 19 0.012146341463414635
14 20 0.007750000000000001
14 21 0.0006666666666666666
15 16 0.0003818181818181818
15 17 0.00026388888888888886
15 20 0.0009047619047619048
15 21 0.00016666666666666666
16 17 0.011454545454545453
16 18 0.007666666666666666
16 19 0.003163636363636363
16 20 0.019563636363636363
16 21 0.016
16 22 0.0004761904761904762
17 18 0.0012500000000000002
17 20 0.28075000000000006
17 21 0.0745
17 22 0.06650000000000002
18 19 0.218
18 20 0.006166666666666667
20 21 0.04583333333333334
20 22 0.010761904761904764
21 22 0.06166666666666667
