0 1 0.00023809523809523807
0 2 0.0018000000000000002
0 3 6.481481481481482e-05
0 4 0.04520000000000001
0 5 0.07153846153846154
0 8 0.07616666666666667
0 9 0.10533333333333335
0 14 0.0032000000000000006
0 16 1.818181818181818e-05
0 17 0.00025
0 18 0.012499999999999999
0 19 0.015200000000000002
0 20 0.07960000000000002
1 2 0.07720000000000002
1 3 0.01257142857142857
1 4 0.020047619047619043
1 5 0.10038461538461538
1 6 0.0006190476190476189
1 7 0.06266666666666666
1 8 0.1335
1 9 0.4516666666666667
1 10 0.16849999999999998
1 11 0.020428571428571424
1 13 0.020809523809523806
1 14 0.04123809523809523
1 15 0.049476190476190465
1 16 0.007428571428571428
1 17 0.0075
1 18 0.35400000000000004
1 19 9.523809523809523e-05
1 20 0.0865238095238095
1 21 0.0019999999999999996
1 22 0.004619047619047618
2 3 0.004100000000000001
2 4 0.01584090909090909
2 5 0.0005000000000000001
2 8 0.0079
2 14 6.25e-05
2 16 0.0004000000000000001
2 17 0.00775
2 18 0.011333333333333334
2 20 0.019700000000000006
3 4 0.00013636363636363637
3 5 0.000925925925925926
3 6 3.7037037037037037e-05
3 8 0.04566666666666667
3 10 0.0007407407407407407
3 13 0.0014351851851851852
3 14 0.00016666666666666666
3 15 0.00018055555555555557
3 16 0.011763636363636363
3 17 0.4275
3 18 0.0018333333333333333
3 19 0.00021296296296296295
3 20 0.033407407407407406
3 21 0.1153333333333333
3 22 0.014428571428571428
4 5 0.004692307692307692
4 8 0.07816666666666666
4 9 0.015333333333333336
4 14 0.003
4 16 0.0007272727272727272
4 17 0.00675
4 18 0.0095
4 19 0.0001590909090909091
4 20 0.003840909090909091
5 6 0.007615384615384616
5 7 0.029999999999999995
5 8 0.0756923076923077
5 9 0.047
5 10 0.07833333333333332
5 11 0.0023846153846153848
5 12 0.0010769230769230769
5 13 0.0005090909090909091
5 14 0.002916666666666667
5 16 0.0038363636363636356
5 17 0.00025
5 18 0.026
5 19 0.007153846153846154
5 20 0.007952380952380952
5 21 0.009833333333333331
6 8 0.043000000000000003
6 9 0.002666666666666667
6 10 0.00016666666666666666
6 13 0.0020625
6 14 0.0032916666666666667
6 15 3.125e-05
6 16 0.0015272727272727272
6 18 0.001
6 20 4.7619047619047614e-05
6 21 0.0095
7 8 0.011
7 13 0.0016666666666666666
7 16 0.146
7 17 0.0015
7 18 0.0016666666666666668
7 20 0.0006666666666666665
8 9 0.0003333333333333334
8 10 0.015
8 11 0.011000000000000001
8 13 0.012833333333333334
8 14 0.019333333333333334
8 15 0.00016666666666666666
8 16 0.036333333333333336
8 17 0.17875
8 18 0.017666666666666667
8 19 0.0003333333333333333
8 20 0.342
8 21 0.0008333333333333333
9 10 0.0003333333333333334
9 11 0.0006666666666666668
9 13 0.15200000000000002
9 14 0.037333333333333336
9 15 0.011333333333333336
9 16 0.0003333333333333334
9 18 0.0006666666666666668
9 19 0.15933333333333335
9 20 0.01566666666666667
10 11 0.36766666666666664
10 13 0.06799999999999999
10 14 0.0011666666666666668
10 15 0.00016666666666666666
10 16 0.007799999999999999
10 18 0.0255
10 20 0.00016666666666666666
10 21 0.00016666666666666663
11 13 0.038363636363636364
11 16 0.0004363636363636363
11 18 0.00034999999999999994
11 20 9.523809523809523e-05
11 21 0.0011666666666666665
13 15 0.0055636363636363635
13 16 0.0038909090909090903
13 18 0.0007272727272727273
13 20 0.002571428571428571
13 21 0.05099999999999999
14 16 0.0004166666666666667
14 17 0.0025
14 18 0.049499999999999995
14 19 0.009682926829268293
14 20 0.007958333333333333
14 21 0.0014999999999999996
15 16 0.0010555555555555557
15 17 2.7777777777777782e-05
15 20 0.003571428571428571
16 17 0.0025
16 18 0.027
16 19 0.0033636363636363634
16 20 0.020690909090909086
16 21 0.055999999999999994
16 22 0.0014761904761904762
17 18 0.00025
17 20 0.30025
17 21 0.003333333333333333
17 22 0.061
18 19 0.2021666666666667
18 20 0.012333333333333333
20 21 0.16566666666666663
20 22 0.013047619047619046
21 22 0.05516666666666666
