0 1 0.017761904761904763
0 2 0.007999999999999998
0 3 0.0010833333333333333
0 4 0.013045454545454542
0 5 0.010599999999999998
0 6 0.00025
0 7 0.0665
0 8 0.12000000000000001
0 9 0.0003333333333333333
0 12 1.818181818181818e-05
0 13 0.035791666666666666
0 15 0.0010727272727272727
0 16 0.009799999999999998
0 17 0.09766666666666667
0 18 0.054799999999999995
0 19 0.09576190476190477
0 20 0.0006666666666666665
1 2 0.017238095238095236
1 3 0.026714285714285718
1 4 0.02276190476190476
1 5 0.04369230769230768
1 6 0.01825
1 7 0.04609523809523809
1 8 0.11333333333333336
1 9 0.09866666666666667
1 10 0.11957142857142858
1 11 0.04533333333333333
1 12 0.0590952380952381
1 13 0.028999999999999998
1 14 0.1421904761904762
1 15 0.014809523809523809
1 16 0.02776190476190476
1 17 0.06457142857142857
1 18 0.0033333333333333335
1 19 0.024428571428571428
1 20 0.004833333333333333
1 21 0.010095238095238095
2 3 0.010833333333333332
2 4 0.03506818181818181
2 5 0.003692307692307692
2 6 0.0019
2 7 0.128
2 8 0.0010000000000000002
2 9 0.0018333333333333333
2 13 0.0048125
2 15 0.012945454545454545
2 16 0.014499999999999999
2 17 0.17316666666666666
2 18 0.0002
2 19 0.05738095238095239
2 20 0.008499999999999999
2 21 0.0001
3 4 0.0007777777777777777
3 5 0.006384615384615384
3 6 0.00675
3 7 0.06005555555555554
3 8 0.0013333333333333335
3 9 0.007333333333333333
3 10 0.0010000000000000002
3 11 0.0003148148148148148
3 12 0.010490909090909089
3 13 0.0004814814814814814
3 14 0.010972222222222223
3 15 0.11818518518518516
3 16 0.09033333333333332
3 17 0.034833333333333334
3 18 0.00036111111111111104
3 19 0.042111111111111106
3 20 0.13433333333333333
3 21 0.062
4 5 0.011307692307692305
4 6 2.2727272727272723e-05
4 7 0.011999999999999999
4 8 0.07900000000000001
4 9 0.0045
4 13 0.0855
4 15 0.0021636363636363637
4 16 0.007727272727272727
4 17 0.022000000000000002
4 18 0.009181818181818182
4 19 0.023666666666666666
4 20 0.003333333333333333
5 6 0.043
5 7 0.0325
5 8 0.05933333333333334
5 9 0.17453846153846153
5 10 0.013384615384615382
5 11 0.09592307692307692
5 12 0.04046153846153846
5 13 0.011923076923076922
5 14 0.007538461538461538
5 15 0.014384615384615383
5 16 0.013999999999999999
5 17 0.05192307692307692
5 18 0.004538461538461537
5 19 0.01915384615384615
5 20 0.035153846153846154
5 21 0.002692307692307692
6 7 0.02525
6 8 0.0023333333333333335
6 9 0.00016666666666666666
6 10 0.001
6 11 0.0005
6 12 0.0405
6 13 2.0833333333333333e-05
6 14 0.0005
6 15 0.0885
6 16 0.06699999999999999
6 17 0.1065
6 19 0.02223809523809524
6 20 0.0011666666666666665
6 21 0.01425
7 8 0.011333333333333336
7 9 0.04033333333333333
7 10 0.0031750000000000007
7 12 0.0036181818181818177
7 13 0.008083333333333333
7 14 0.0021527777777777778
7 15 0.034499999999999996
7 16 0.10216666666666667
7 17 0.13633333333333333
7 18 0.0006666666666666666
7 19 0.30933333333333335
7 20 0.08133333333333331
7 21 0.021333333333333333
8 9 0.009333333333333334
8 10 0.004000000000000001
8 12 0.060000000000000005
8 13 0.07733333333333335
8 14 0.014666666666666668
8 15 0.0003333333333333334
8 16 0.002999999999999999
8 17 0.12466666666666669
8 18 0.053000000000000005
8 19 0.020761904761904763
8 20 0.011
9 10 0.08642500000000002
9 11 0.07483333333333334
9 12 0.08566666666666667
9 13 0.0017916666666666665
9 14 0.013
9 15 0.012833333333333334
9 16 0.003333333333333333
9 17 0.10216666666666667
9 18 0.0005
9 19 0.004
9 20 0.023666666666666666
9 21 4.761904761904762e-05
10 11 0.00015000000000000004
10 12 0.1467454545454545
10 14 0.0015
10 15 0.005900000000000001
10 16 0.0019999999999999996
10 17 0.015400000000000002
10 19 0.00017500000000000003
10 20 0.0008333333333333333
10 21 9.523809523809524e-05
11 12 0.019327272727272724
11 13 2.0833333333333333e-05
11 14 0.06594444444444444
11 15 5.4545454545454546e-05
11 16 0.001333333333333333
11 20 0.00016666666666666663
11 21 4.761904761904762e-05
12 13 6.25e-05
12 14 0.05467272727272727
12 15 0.05419999999999999
12 16 0.006666666666666666
12 17 0.005963636363636363
12 18 7.272727272727271e-05
12 19 0.0017818181818181817
12 20 0.0225
12 21 0.0009818181818181816
13 14 2.0833333333333333e-05
13 15 0.0005818181818181818
13 16 0.0067708333333333336
13 17 0.04016666666666666
13 18 0.08164583333333333
13 19 0.026380952380952383
13 20 0.08833333333333332
14 15 0.014652777777777777
14 16 0.012333333333333332
14 17 0.0009583333333333334
14 19 0.0006111111111111111
14 20 0.005333333333333332
14 21 0.0005138888888888888
15 16 0.18666666666666665
15 17 0.0155
15 18 0.004254545454545454
15 19 0.029254545454545453
15 20 0.06583333333333333
15 21 0.0380952380952381
16 17 0.02666666666666667
16 18 0.0009999999999999998
16 19 0.2633333333333333
16 20 0.1203333333333333
16 21 0.05199999999999999
17 18 0.05983333333333333
17 19 0.10866666666666668
17 20 0.001333333333333333
17 21 0.0023333333333333335
18 19 0.014761904761904763
18 20 0.003999999999999999
19 20 0.14816666666666664
19 21 0.019857142857142858
20 21 0.10116666666666665
