0 1 0.033611111111111105
0 2 0.4824705882352941
0 3 0.037404255319148934
0 4 0.024652173913043477
0 5 0.1227361111111111
0 6 0.12653571428571428
1 2 0.026235294117647058
1 3 0.015722222222222217
1 4 0.006194444444444443
1 5 0.005416666666666667
1 6 0.027214285714285715
2 3 0.008529411764705883
2 4 0.111
2 5 0.07976470588235295
2 6 0.00411764705882353
3 4 0.019340425531914895
3 5 0.0010425531914893618
3 6 0.0004642857142857143
4 5 0.027319444444444445
4 6 0.008214285714285714
5 6 0.05589285714285714
