0 1 0.01
0 2 0.0016
0 3 8.333333333333332e-05
0 4 2.272727272727273e-05
0 5 0.0002
0 7 0.06583333333333334
0 8 0.05333333333333334
0 13 0.0008
0 15 9.09090909090909e-05
0 17 0.08483333333333333
0 18 0.0068000000000000005
0 19 0.04700000000000001
1 2 0.001523809523809524
1 3 0.07804761904761906
1 4 0.01566666666666667
1 5 0.0382857142857143
1 6 0.10525000000000001
1 7 0.009047619047619049
1 8 0.229
1 9 0.13933333333333334
1 10 0.06561904761904762
1 11 0.0019047619047619052
1 12 0.05914285714285715
1 13 0.04190476190476191
1 14 0.06433333333333334
1 15 0.006599999999999999
1 16 0.028
1 17 0.24266666666666667
1 18 0.000761904761904762
1 19 0.016476190476190478
1 20 0.009
1 21 0.0010476190476190477
2 3 0.0078
2 4 0.0423
2 5 0.0010000000000000002
2 7 0.05766666666666667
2 13 0.0002
2 15 0.0026
2 16 0.0019
2 17 0.0785
2 19 0.02595238095238096
2 20 0.0006666666666666666
3 4 0.0005185185185185184
3 5 0.013923076923076927
3 6 0.0015000000000000002
3 7 0.14200000000000002
3 8 0.0003333333333333333
3 9 0.027833333333333335
3 10 8.333333333333332e-05
3 12 0.0012181818181818183
3 13 0.00010185185185185183
3 14 0.0007037037037037036
3 15 0.036636363636363634
3 16 0.2813333333333333
3 17 0.034833333333333334
3 18 1.8518518518518515e-05
3 19 0.08976190476190478
3 20 0.2851666666666667
3 21 0.02261904761904762
4 5 0.0019230769230769236
4 7 0.009166666666666668
4 8 0.07733333333333334
4 13 0.008041666666666667
4 15 0.0014363636363636362
4 16 0.0006363636363636364
4 17 0.10316666666666667
4 18 0.001409090909090909
4 19 0.0580952380952381
4 20 0.00016666666666666666
5 6 0.0035000000000000005
5 7 0.1451666666666667
5 8 0.026333333333333334
5 9 0.12133333333333333
5 10 0.005923076923076925
5 11 0.10769230769230771
5 12 0.04146153846153847
5 13 0.0029791666666666664
5 14 0.0008461538461538463
5 15 0.03723076923076924
5 16 0.0033333333333333335
5 17 0.04984615384615386
5 18 0.0006153846153846155
5 19 0.06000000000000002
5 20 0.018333333333333333
5 21 7.692307692307694e-05
6 7 0.020750000000000005
6 12 0.004750000000000001
6 15 0.33175000000000004
6 16 0.0013333333333333333
6 17 0.012750000000000001
6 19 0.004000000000000001
6 21 0.00025000000000000006
7 9 0.012666666666666666
7 10 2.4999999999999994e-05
7 12 0.00018181818181818183
7 13 0.0028125000000000003
7 15 0.022000000000000006
7 16 0.11716666666666668
7 17 0.028333333333333335
7 19 0.35783333333333334
7 20 0.026333333333333334
7 21 0.0011666666666666668
8 9 0.0006666666666666666
8 12 0.062
8 13 0.10233333333333333
8 14 0.0016666666666666668
8 15 0.0006666666666666666
8 17 0.24433333333333332
8 18 0.064
8 19 0.008285714285714287
8 20 0.0013333333333333333
9 10 0.07416666666666667
9 11 0.119
9 12 0.15733333333333333
9 13 0.0007916666666666666
9 14 0.0016666666666666668
9 15 0.0021666666666666666
9 17 0.059
9 19 0.00016666666666666666
10 12 0.029254545454545453
10 13 2.0833333333333333e-05
10 14 4.999999999999999e-05
10 15 0.00021818181818181816
10 16 0.001
10 17 7.5e-05
10 20 0.001
11 12 5.4545454545454546e-05
12 13 0.00020833333333333335
12 14 0.006636363636363636
12 15 0.008109090909090908
12 16 0.0016666666666666668
12 17 7.272727272727273e-05
12 19 0.0026
12 20 0.058166666666666665
13 14 2.0833333333333333e-05
13 15 0.00037499999999999995
13 16 4.1666666666666665e-05
13 17 0.015166666666666667
13 18 0.008770833333333334
13 19 0.04233333333333334
13 20 0.10633333333333334
14 15 0.0009454545454545453
14 16 0.059666666666666666
14 19 1.388888888888889e-05
14 20 0.0005
15 16 0.16633333333333333
15 17 0.04699999999999999
15 18 5.454545454545454e-05
15 19 0.03972727272727272
15 20 0.05466666666666667
15 21 0.004927272727272727
16 17 0.005999999999999999
16 19 0.4386666666666667
16 20 0.006833333333333334
16 21 0.006666666666666667
17 18 0.07933333333333333
17 19 0.18366666666666667
18 19 0.00880952380952381
19 20 0.16433333333333333
19 21 0.01538095238095238
20 21 0.03133333333333333
