0 1 0.023190476190476195
0 2 0.0063
0 3 0.0026759259259259253
0 4 0.07920000000000002
0 5 0.0643076923076923
0 6 6.25e-05
0 8 0.15683333333333332
0 9 0.18366666666666667
0 10 0.00020000000000000004
0 14 0.03766666666666666
0 15 1.388888888888889e-05
0 16 0.0006909090909090908
0 17 0.009500000000000001
0 18 0.042333333333333334
0 19 0.09460000000000002
0 20 0.039285714285714285
0 21 0.0013333333333333333
1 2 0.022
1 3 0.02242857142857143
1 4 0.03661904761904763
1 5 0.04823809523809524
1 6 0.019523809523809527
1 7 0.05509523809523811
1 8 0.05583333333333334
1 9 0.15766666666666665
1 10 0.06566666666666668
1 11 0.060333333333333336
1 12 0.0009047619047619048
1 13 0.027380952380952384
1 14 0.0230952380952381
1 15 0.09533333333333334
1 16 0.028380952380952385
1 17 0.02404761904761905
1 18 0.16466666666666666
1 19 0.004952380952380953
1 20 0.06500000000000002
1 21 0.0019047619047619052
1 22 0.01247619047619048
2 3 0.010666666666666665
2 4 0.038613636363636364
2 5 0.04030769230769231
2 6 0.003
2 7 0.0038
2 8 0.05983333333333333
2 9 0.001
2 10 0.0002
2 11 0.00030000000000000003
2 14 0.003104166666666666
2 16 0.015109090909090907
2 17 0.08600000000000001
2 18 0.03283333333333333
2 19 0.0001
2 20 0.0156
2 21 0.0014999999999999998
2 22 0.00014285714285714287
3 4 0.0009999999999999998
3 5 0.004166666666666667
3 6 0.0034074074074074067
3 7 0.007064814814814814
3 8 0.08909259259259258
3 9 0.004666666666666667
3 10 0.004796296296296296
3 11 0.0011944444444444444
3 12 0.0001574074074074074
3 13 0.007481481481481481
3 14 0.0010462962962962963
3 15 0.017083333333333332
3 16 0.06999999999999999
3 17 0.25625000000000003
3 18 0.007314814814814814
3 19 0.0010833333333333333
3 20 0.058037037037037026
3 21 0.07066666666666667
3 22 0.05880555555555555
4 5 0.0356923076923077
4 6 0.00159375
4 7 2.272727272727273e-05
4 8 0.09483333333333333
4 9 0.038
4 10 9.090909090909092e-05
4 13 1.8181818181818182e-05
4 14 0.06029166666666666
4 16 0.002545454545454545
4 17 0.009500000000000001
4 18 0.07166666666666667
4 19 0.004045454545454546
4 20 0.007238095238095238
4 21 0.0008333333333333334
5 6 0.11207692307692309
5 7 0.027
5 8 0.034833333333333334
5 9 0.147
5 10 0.11623076923076922
5 11 0.01035
5 12 0.04746153846153846
5 13 0.025076923076923077
5 14 0.0043076923076923075
5 15 0.007461538461538462
5 16 0.01527272727272727
5 17 0.004250000000000001
5 18 0.044833333333333336
5 19 0.026000000000000002
5 20 0.008076923076923077
5 21 0.0195
5 22 0.0007692307692307692
6 7 0.00028125
6 8 0.0675
6 9 0.065
6 10 0.009666666666666669
6 11 0.0009249999999999999
6 12 0.05378125
6 13 0.00934375
6 14 0.00475
6 15 0.03125
6 16 0.007363636363636363
6 17 0.00171875
6 18 0.0036666666666666666
6 19 0.000875
6 20 0.00196875
6 21 0.0305
7 8 0.022000000000000002
7 9 0.006333333333333333
7 10 0.0003333333333333333
7 11 0.0006666666666666666
7 13 0.009
7 15 0.001
7 16 0.057999999999999996
7 17 0.04050000000000001
7 18 0.036333333333333336
7 20 0.024714285714285716
7 21 0.00016666666666666666
7 22 0.006666666666666667
8 9 0.005666666666666667
8 10 0.035833333333333335
8 11 0.005333333333333333
8 12 0.0003333333333333333
8 13 0.011833333333333333
8 14 0.004166666666666667
8 15 0.012833333333333334
8 16 0.034036363636363635
8 17 0.19775000000000006
8 18 0.029666666666666664
8 19 0.0013333333333333333
8 20 0.35209523809523813
8 21 0.015
8 22 0.008523809523809524
9 10 0.018666666666666668
9 11 0.006333333333333333
9 12 0.01
9 13 0.11699999999999999
9 14 0.028
9 15 0.11
9 16 0.007
9 17 0.0023333333333333335
9 18 0.06733333333333334
9 19 0.053
9 20 0.018333333333333333
9 21 0.0026666666666666666
10 11 0.2753333333333334
10 12 0.001666666666666667
10 13 0.10833333333333335
10 14 0.0019374999999999998
10 15 0.002805555555555556
10 16 0.012333333333333335
10 18 0.04266666666666667
10 20 0.0005714285714285715
10 21 0.0033333333333333335
10 22 0.0006666666666666668
11 12 0.00015000000000000001
11 13 0.14989090909090907
11 15 0.0007250000000000001
11 16 0.0052
11 17 0.0007500000000000002
11 18 0.021025
11 20 0.00019047619047619048
11 21 0.0026666666666666666
11 22 0.0001
12 13 0.0075636363636363635
12 15 0.07808333333333334
12 16 9.09090909090909e-05
12 20 9.523809523809524e-05
12 21 0.0006666666666666666
13 15 0.05834722222222222
13 16 0.032145454545454547
13 17 0.0027500000000000003
13 18 0.005709090909090909
13 19 1.8181818181818182e-05
13 20 0.0015238095238095239
13 21 0.019
13 22 0.000619047619047619
14 16 0.000909090909090909
14 17 0.0032500000000000007
14 18 0.06583333333333334
14 19 0.14237499999999997
14 20 0.020499999999999997
14 21 0.04466666666666667
14 22 2.083333333333333e-05
15 16 0.018097222222222223
15 17 0.0048472222222222215
15 18 0.0010138888888888888
15 20 0.0013333333333333333
15 21 0.0036666666666666666
15 22 0.0005694444444444445
16 17 0.03950000000000001
16 18 0.05583333333333334
16 19 0.016618181818181817
16 20 0.0162
16 21 0.06066666666666667
16 22 0.027619047619047616
17 18 0.015333333333333332
17 19 0.0005000000000000001
17 20 0.14275000000000002
17 21 0.07366666666666667
17 22 0.15175000000000002
18 19 0.16566666666666666
18 20 0.028999999999999998
18 21 0.001
18 22 4.761904761904762e-05
19 20 0.0008571428571428571
19 21 0.0018333333333333333
20 21 0.11283333333333334
20 22 0.0329047619047619
21 22 0.09499999999999999
