0 1 0.0006190476190476189
0 3 1.8518518518518515e-05
0 4 0.07339999999999998
0 5 0.05953846153846154
0 8 0.031000000000000003
0 9 0.18333333333333335
0 14 0.022799999999999997
0 16 0.00019999999999999996
0 17 0.0010000000000000002
0 18 0.009166666666666663
0 19 0.07819999999999999
0 20 0.07459999999999999
0 21 0.001
1 2 0.051000000000000004
1 3 0.01595238095238095
1 4 0.015047619047619046
1 5 0.08707692307692307
1 6 0.006285714285714285
1 7 0.011333333333333334
1 8 0.05133333333333334
1 9 0.41733333333333333
1 10 0.158
1 11 0.03547619047619047
1 13 0.01557142857142857
1 14 0.03938095238095237
1 15 0.05842857142857142
1 16 0.006904761904761903
1 17 0.004750000000000001
1 18 0.39033333333333325
1 19 0.00047619047619047614
1 20 0.08761904761904761
1 21 0.0018333333333333333
1 22 0.0070476190476190465
2 3 0.003
2 4 0.014750000000000003
2 5 0.009384615384615384
2 7 0.0002
2 8 0.0051666666666666675
2 9 0.0001
2 14 0.000125
2 16 0.0013636363636363635
2 17 0.05000000000000002
2 18 0.039499999999999987
2 20 0.0053
3 4 0.0001574074074074074
3 5 0.0012685185185185184
3 6 3.1249999999999994e-05
3 8 0.056000000000000015
3 9 9.259259259259257e-06
3 10 0.0002592592592592592
3 11 2.7777777777777776e-05
3 13 0.003296296296296296
3 14 9.259259259259259e-05
3 15 0.0014027777777777782
3 16 0.020963636363636365
3 17 0.4450000000000001
3 18 0.013499999999999996
3 19 0.00012037037037037035
3 20 0.040285714285714286
3 21 0.1255
3 22 0.010523809523809524
4 5 0.013615384615384614
4 8 0.11683333333333334
4 9 0.028333333333333335
4 14 0.004895833333333333
4 16 0.0004727272727272727
4 17 0.020000000000000004
4 18 0.012833333333333329
4 19 7.317073170731707e-05
4 20 0.0012954545454545458
4 21 0.00016666666666666666
5 6 0.029
5 7 0.02033333333333333
5 8 0.064
5 9 0.06799999999999999
5 10 0.0665
5 11 0.02192307692307692
5 12 0.017
5 13 0.0023846153846153848
5 14 0.005384615384615385
5 15 0.00015384615384615385
5 16 0.0051090909090909095
5 17 0.0003076923076923077
5 18 0.012666666666666663
5 19 0.01853846153846154
5 20 0.005307692307692308
5 21 0.016
6 8 0.09616666666666668
6 9 0.004
6 10 0.0005
6 11 2.4999999999999994e-05
6 12 0.00018749999999999995
6 13 0.005437499999999999
6 14 0.0028541666666666667
6 15 0.0004062499999999999
6 16 0.00036363636363636367
6 18 0.001333333333333333
6 19 3.1249999999999994e-05
6 20 3.1249999999999994e-05
6 21 0.008833333333333334
7 8 0.004333333333333333
7 13 0.0006666666666666666
7 16 0.06666666666666667
7 18 0.015999999999999997
7 20 0.0016666666666666668
7 22 0.0003333333333333333
8 9 0.0001666666666666667
8 10 0.006500000000000001
8 11 0.010333333333333335
8 12 0.0001666666666666667
8 13 0.038000000000000006
8 14 0.02966666666666667
8 15 0.0008333333333333335
8 16 0.060666666666666674
8 17 0.11650000000000003
8 18 0.01233333333333333
8 19 0.0003333333333333334
8 20 0.3523333333333334
8 21 0.001
9 10 0.0006666666666666666
9 13 0.16466666666666666
9 14 0.028666666666666663
9 15 0.012333333333333333
9 18 0.008499999999999997
9 19 0.076
9 20 0.014
10 11 0.41933333333333334
10 13 0.13166666666666668
10 14 0.00010416666666666667
10 15 0.0003333333333333333
10 16 0.0011272727272727272
10 18 0.0095
10 20 4.761904761904762e-05
11 13 0.03749090909090908
11 16 0.00034545454545454544
11 18 0.0003
11 20 0.0003333333333333333
11 21 0.0018333333333333333
13 15 0.005375000000000001
13 16 0.002090909090909091
13 18 9.09090909090909e-05
13 20 0.004190476190476191
13 21 0.0635
13 22 4.761904761904762e-05
14 16 0.0005625
14 17 0.0007500000000000002
14 18 0.06249999999999998
14 19 0.019658536585365854
14 20 0.009541666666666667
14 21 0.0031666666666666666
15 16 0.0007916666666666669
15 17 0.00011111111111111113
15 20 0.009857142857142856
15 21 0.0003333333333333333
16 17 0.0045000000000000005
16 18 0.031999999999999994
16 19 0.004072727272727273
16 20 0.02121818181818182
16 21 0.08533333333333333
16 22 0.0026666666666666666
17 18 0.0005000000000000001
17 19 0.00025000000000000006
17 20 0.3027500000000001
17 21 0.0033333333333333335
17 22 0.05250000000000001
18 19 0.20899999999999994
18 20 0.032999999999999995
19 20 0.00014285714285714287
19 21 0.00016666666666666666
20 21 0.23283333333333334
20 22 0.015571428571428573
21 22 0.061
